RAW, 21 samples:
113 555 111 235 108 208 88 239 112 209 110 236 105 208 95 553 114 532 118 1572 106 
RAW, 29 samples:
111 1924 431 216 185 481 114 208 77 245 116 209 104 237 113 209 75 247 113 210 105 237 112 883 108 238 115 886 107 
RAW, 21 samples:
108 1926 429 215 118 548 115 209 75 244 145 522 114 209 75 246 116 550 113 1229 204 
RAW, 17 samples:
109 1925 428 218 116 549 115 533 111 550 116 533 111 551 115 1227 206 
RAW, 27 samples:
109 237 113 551 114 209 75 244 206 460 115 210 74 247 114 550 114 209 75 247 113 883 108 239 113 886 107 

